UmUsic
Bigbee
Insane
13
175 123 793 793
75 360 205 360 335 360 465 360
0 0 0 0
-50 0 0 0 75 360 10 0 0 -1
-18 32 0 1 205 360 10 0 0 -1
14 64 0 3 465 360 10 0 0 -1
46 96 0 2 335 360 10 0 0 -1
46 96 0 0 75 360 10 0 0 -1
78 128 0 3 465 360 10 0 0 -1
94 144 0 1 205 360 10 0 0 -1
102 152 0 2 335 360 10 0 0 -1
110 160 0 0 75 360 10 0 0 -1
110 160 0 2 335 360 10 0 0 -1
126 176 0 1 205 360 10 0 0 -1
126 176 0 3 465 360 10 0 0 -1
142 192 0 0 75 360 10 0 0 -1
142 192 0 2 335 360 10 0 0 -1
174 224 0 0 75 360 10 0 0 -1
182 232 0 1 205 360 10 0 0 -1
190 240 0 2 335 360 10 0 0 -1
198 248 0 3 465 360 10 0 0 -1
206 256 0 0 75 360 10 0 0 -1
238 288 0 1 205 360 10 0 0 -1
270 320 0 3 465 360 10 0 0 -1
278 328 0 1 205 360 10 0 0 -1
286 336 0 2 335 360 10 0 0 -1
294 344 0 0 75 360 10 0 0 -1
302 352 0 2 335 360 10 0 0 -1
310 360 0 1 205 360 10 0 0 -1
318 368 0 0 75 360 10 0 0 -1
326 376 0 3 465 360 10 0 0 -1
334 384 0 1 205 360 10 0 0 -1
334 384 0 3 465 360 10 0 0 -1
366 416 0 0 75 360 10 0 0 -1
366 416 0 2 335 360 10 0 0 -1
398 448 0 1 205 360 10 0 0 -1
398 448 0 3 465 360 10 0 0 -1
462 512 -1 0 75 360 10 0 0 -1
462 512 -1 1 205 360 10 0 0 -1
462 512 -1 2 335 360 10 0 0 -1
462 512 -1 3 465 360 10 0 0 -1
566 576 0 0 120 90 3 1350 1350 -1
566 576 0 3 420 90 3 -1350 -1350 -1
578 588 0 2 420 390 3 -450 -450 -1
590 600 0 2 420 390 3 -450 -450 -1
602 612 0 2 420 390 3 -450 -450 -1
614 624 0 2 420 390 3 -450 -450 -1
622 632 0 2 420 390 3 -450 -450 -1
630 640 0 1 120 390 3 450 450 -1
630 640 0 2 420 390 3 -450 -450 -1
642 652 0 3 420 90 3 -1350 -1350 -1
654 664 0 3 420 90 3 -1350 -1350 -1
666 676 0 3 420 90 3 -1350 -1350 -1
678 688 0 3 420 90 3 -1350 -1350 -1
686 696 0 3 420 90 3 -1350 -1350 -1
694 704 0 0 120 90 3 1350 1350 -1
694 704 0 2 420 390 3 -450 -450 -1
706 716 0 1 120 390 3 450 450 -1
718 728 0 1 120 390 3 450 450 -1
730 740 0 1 120 390 3 450 450 -1
742 752 0 1 120 390 3 450 450 -1
750 760 0 1 120 390 3 450 450 -1
758 768 0 1 120 390 3 450 450 -1
758 768 0 3 420 90 3 -1350 -1350 -1
770 780 0 0 120 90 3 1350 1350 -1
782 792 0 0 120 90 3 1350 1350 -1
794 804 0 0 120 90 3 1350 1350 -1
806 816 0 0 120 90 3 1350 1350 -1
814 824 0 0 120 90 3 1350 1350 -1
822 832 0 0 120 90 3 1350 1350 -1
822 832 0 3 420 90 3 -1350 -1350 -1
834 844 0 2 420 390 3 -450 -450 -1
846 856 0 2 420 390 3 -450 -450 -1
858 868 0 2 420 390 3 -450 -450 -1
870 880 0 2 420 390 3 -450 -450 -1
878 888 0 2 420 390 3 -450 -450 -1
886 896 0 1 120 390 3 450 450 -1
886 896 0 2 420 390 3 -450 -450 -1
898 908 0 3 420 90 3 -1350 -1350 -1
910 920 0 3 420 90 3 -1350 -1350 -1
922 932 0 3 420 90 3 -1350 -1350 -1
934 944 0 3 420 90 3 -1350 -1350 -1
942 952 0 3 420 90 3 -1350 -1350 -1
950 960 0 0 120 90 3 1350 1350 -1
950 960 0 2 420 390 3 -450 -450 -1
962 972 0 1 120 390 3 450 450 -1
974 984 0 1 120 390 3 450 450 -1
986 996 0 1 120 390 3 450 450 -1
998 1008 0 1 120 390 3 450 450 -1
1006 1016 0 1 120 390 3 450 450 -1
1014 1024 0 1 120 390 3 450 450 -1
1014 1024 0 3 420 90 3 -1350 -1350 -1
1026 1036 0 0 120 90 3 1350 1350 -1
1038 1048 0 0 120 90 3 1350 1350 -1
1050 1060 0 0 120 90 3 1350 1350 -1
1062 1072 0 0 120 90 3 1350 1350 -1
1070 1080 0 0 120 90 3 1350 1350 -1
1070 1080 -1 0 120 90 3 1350 1350 -1
1070 1080 -1 1 120 390 3 450 450 -1
1070 1080 -1 2 420 390 3 -450 -450 -1
1070 1080 -1 3 420 90 3 -1350 -1350 -1
1034 1084 -1 0 75 360 10 0 0 -1
1034 1084 -1 1 205 360 10 0 0 -1
1034 1084 -1 2 335 360 10 0 0 -1
1034 1084 -1 3 465 360 10 0 0 -1
1038 1088 0 0 75 360 10 0 0 -1
1042 1092 0 1 205 360 10 0 0 -1
1046 1096 0 2 335 360 10 0 0 -1
1050 1100 0 3 465 360 10 0 0 -1
1054 1104 0 2 335 360 10 0 0 -1
1058 1108 0 1 205 360 10 0 0 -1
1062 1112 0 3 465 360 10 0 0 -1
1066 1116 0 0 75 360 10 0 0 -1
1070 1120 0 3 465 360 10 0 0 -1
1074 1124 0 2 335 360 10 0 0 -1
1078 1128 0 1 205 360 10 0 0 -1
1082 1132 0 0 75 360 10 0 0 -1
1086 1136 0 2 335 360 10 0 0 -1
1090 1140 0 1 205 360 10 0 0 -1
1094 1144 0 0 75 360 10 0 0 -1
1098 1148 0 3 465 360 10 0 0 -1
1102 1152 0 1 205 360 10 0 0 -1
1106 1156 0 3 465 360 10 0 0 -1
1110 1160 0 0 75 360 10 0 0 -1
1114 1164 0 2 335 360 10 0 0 -1
1118 1168 0 0 75 360 10 0 0 -1
1122 1172 0 3 465 360 10 0 0 -1
1126 1176 0 1 205 360 10 0 0 -1
1130 1180 0 2 335 360 10 0 0 -1
1134 1184 0 0 75 360 10 0 0 -1
1138 1188 0 1 205 360 10 0 0 -1
1142 1192 0 2 335 360 10 0 0 -1
1146 1196 0 3 465 360 10 0 0 -1
1150 1200 0 2 335 360 10 0 0 -1
1154 1204 0 3 465 360 10 0 0 -1
1158 1208 0 2 335 360 10 0 0 -1
1162 1212 0 1 205 360 10 0 0 -1
1166 1216 0 3 465 360 10 0 0 -1
1170 1220 0 2 335 360 10 0 0 -1
1174 1224 0 1 205 360 10 0 0 -1
1178 1228 0 0 75 360 10 0 0 -1
1182 1232 0 1 205 360 10 0 0 -1
1186 1236 0 2 335 360 10 0 0 -1
1190 1240 0 0 75 360 10 0 0 -1
1194 1244 0 3 465 360 10 0 0 -1
1198 1248 0 0 75 360 10 0 0 -1
1202 1252 0 1 205 360 10 0 0 -1
1206 1256 0 2 335 360 10 0 0 -1
1210 1260 0 3 465 360 10 0 0 -1
1214 1264 0 1 205 360 10 0 0 -1
1218 1268 0 2 335 360 10 0 0 -1
1222 1272 0 3 465 360 10 0 0 -1
1226 1276 0 0 75 360 10 0 0 -1
1230 1280 0 2 335 360 10 0 0 -1
1234 1284 0 0 75 360 10 0 0 -1
1238 1288 0 3 465 360 10 0 0 -1
1242 1292 0 1 205 360 10 0 0 -1
1246 1296 0 3 465 360 10 0 0 -1
1250 1300 0 0 75 360 10 0 0 -1
1254 1304 0 2 335 360 10 0 0 -1
1258 1308 0 1 205 360 10 0 0 -1
1262 1312 0 3 465 360 10 0 0 -1
1266 1316 0 2 335 360 10 0 0 -1
1270 1320 0 1 205 360 10 0 0 -1
1274 1324 0 0 75 360 10 0 0 -1
1278 1328 0 1 205 360 10 0 0 -1
1282 1332 0 0 75 360 10 0 0 -1
1286 1336 0 1 205 360 10 0 0 -1
1290 1340 0 2 335 360 10 0 0 -1
1294 1344 0 0 75 360 10 0 0 -1
1298 1348 0 1 205 360 10 0 0 -1
1302 1352 0 2 335 360 10 0 0 -1
1306 1356 0 1 205 360 10 0 0 -1
1310 1360 0 2 335 360 10 0 0 -1
1314 1364 0 3 465 360 10 0 0 -1
1318 1368 0 2 335 360 10 0 0 -1
1322 1372 0 1 205 360 10 0 0 -1
1326 1376 0 0 75 360 10 0 0 -1
1330 1380 0 3 465 360 10 0 0 -1
1334 1384 0 2 335 360 10 0 0 -1
1338 1388 0 1 205 360 10 0 0 -1
1342 1392 0 0 75 360 10 0 0 -1
1346 1396 0 3 465 360 10 0 0 -1
1350 1400 0 0 75 360 10 0 0 -1
1354 1404 0 3 465 360 10 0 0 -1
1358 1408 0 1 205 360 10 0 0 -1
1362 1412 0 0 75 360 10 0 0 -1
1366 1416 0 2 335 360 10 0 0 -1
1370 1420 0 3 465 360 10 0 0 -1
1374 1424 0 0 75 360 10 0 0 -1
1378 1428 0 1 205 360 10 0 0 -1
1382 1432 0 3 465 360 10 0 0 -1
1386 1436 0 2 335 360 10 0 0 -1
1390 1440 0 0 75 360 10 0 0 -1
1394 1444 0 1 205 360 10 0 0 -1
1398 1448 0 2 335 360 10 0 0 -1
1402 1452 0 3 465 360 10 0 0 -1
1406 1456 0 0 75 360 10 0 0 -1
1410 1460 0 1 205 360 10 0 0 -1
1414 1464 0 3 465 360 10 0 0 -1
1418 1468 0 2 335 360 10 0 0 -1
1422 1472 0 3 465 360 10 0 0 -1
1426 1476 0 2 335 360 10 0 0 -1
1430 1480 0 1 205 360 10 0 0 -1
1434 1484 0 2 335 360 10 0 0 -1
1438 1488 0 1 205 360 10 0 0 -1
1442 1492 0 0 75 360 10 0 0 -1
1446 1496 0 1 205 360 10 0 0 -1
1450 1500 0 2 335 360 10 0 0 -1
1454 1504 0 3 465 360 10 0 0 -1
1458 1508 0 0 75 360 10 0 0 -1
1462 1512 0 1 205 360 10 0 0 -1
1466 1516 0 2 335 360 10 0 0 -1
1470 1520 0 3 465 360 10 0 0 -1
1474 1524 0 0 75 360 10 0 0 -1
1478 1528 0 3 465 360 10 0 0 -1
1482 1532 0 0 75 360 10 0 0 -1
1486 1536 0 1 205 360 10 0 0 -1
1486 1536 0 3 465 360 10 0 0 -1
1490 1540 0 3 465 360 10 0 0 -1
1494 1544 0 1 205 360 10 0 0 -1
1498 1548 0 0 75 360 10 0 0 -1
1498 1548 0 2 335 360 10 0 0 -1
1502 1552 0 2 335 360 10 0 0 -1
1506 1556 0 0 75 360 10 0 0 -1
1510 1560 0 1 205 360 10 0 0 -1
1510 1560 0 3 465 360 10 0 0 -1
1514 1564 0 3 465 360 10 0 0 -1
1518 1568 0 1 205 360 10 0 0 -1
1522 1572 0 0 75 360 10 0 0 -1
1522 1572 0 2 335 360 10 0 0 -1
1534 1584 0 2 335 360 10 0 0 -1
1534 1584 0 3 465 360 10 0 0 -1
1542 1592 0 0 75 360 10 0 0 -1
1542 1592 0 1 205 360 10 0 0 -1
1550 1600 -1 0 75 360 10 0 0 -1
1550 1600 -1 1 205 360 10 0 0 -1
1550 1600 -1 2 335 360 10 0 0 -1
1550 1600 -1 3 465 360 10 0 0 -1
1574 1624 -1 0 120 85 5 1800 1800 -1
1574 1624 -1 1 220 185 5 2700 2700 -1
1574 1624 -1 2 320 385 5 900 900 -1
1574 1624 -1 3 420 285 5 0 0 -1
1566 1616 0 0 120 85 5 900 900 -1
1566 1616 0 1 220 185 5 2700 2700 -1
1566 1616 0 2 320 385 5 2700 2700 -1
1566 1616 0 3 420 285 5 900 900 -1
1582 1632 0 1 220 185 5 0 0 -1
1598 1648 0 1 220 185 5 900 900 -1
1614 1664 0 1 220 185 5 0 0 -1
1638 1688 0 1 220 185 5 2700 2700 -1
1642 1692 0 2 320 385 5 0 0 -1
1646 1696 0 3 420 285 5 1800 1800 -1
1678 1728 0 0 120 85 5 2700 2700 -1
1694 1744 0 0 120 85 5 2700 2700 -1
1702 1752 0 0 120 85 5 2700 2700 -1
1718 1768 0 1 220 185 5 0 0 -1
1734 1784 0 2 320 385 5 0 0 -1
1766 1816 0 2 320 385 5 900 900 -1
1774 1824 0 1 220 185 5 900 900 -1
1774 1824 0 3 420 285 5 900 900 -1
1782 1832 0 0 120 85 5 2700 2700 -1
1790 1840 0 1 220 185 5 900 900 -1
1790 1840 0 3 420 285 5 1800 1800 -1
1822 1872 0 0 120 85 5 900 900 -1
1822 1872 0 1 220 185 5 0 0 -1
1822 1872 0 2 320 385 5 900 900 -1
1822 1872 0 3 420 285 5 900 900 -1
1838 1888 0 0 120 85 5 1800 1800 -1
1854 1904 0 0 120 85 5 1800 1800 -1
1870 1920 0 0 120 85 5 2700 2700 -1
1894 1944 0 0 120 85 5 1800 1800 -1
1898 1948 0 1 220 185 5 900 900 -1
1902 1952 0 2 320 385 5 900 900 -1
1918 1968 0 0 120 85 5 2700 2700 -1
1918 1968 0 2 320 385 5 0 0 -1
1926 1976 0 1 220 185 5 900 900 -1
1926 1976 0 3 420 285 5 1800 1800 -1
1934 1984 0 3 420 285 5 0 0 -1
1950 2000 0 3 420 285 5 900 900 -1
1958 2008 0 1 220 185 5 0 0 -1
1974 2024 0 1 220 185 5 900 900 -1
1990 2040 0 1 220 185 5 900 900 -1
2006 2056 0 1 220 185 5 0 0 -1
2022 2072 0 1 220 185 5 1800 1800 -1
2030 2080 0 0 120 85 5 900 900 -1
2030 2080 0 2 320 385 5 900 900 -1
2038 2088 0 1 220 185 5 900 900 -1
2046 2096 0 0 120 85 5 1800 1800 -1
2046 2096 0 2 320 385 5 900 900 -1
2054 2104 0 3 420 285 5 0 0 -1
2054 2104 -1 0 120 85 5 2700 2700 -1
2054 2104 -1 1 220 185 5 2700 2700 -1
2054 2104 -1 2 320 385 5 0 0 -1
2058 2108 -1 0 75 360 10 0 0 -1
2058 2108 -1 1 205 360 10 0 0 -1
2058 2108 -1 2 335 120 10 1800 1800 -1
2058 2108 -1 3 465 120 10 1800 1800 -1
2062 2112 0 0 75 360 10 0 0 -1
2062 2112 0 1 205 360 10 0 0 -1
2062 2112 0 2 335 120 10 1800 1800 -1
2062 2112 0 3 465 120 10 1800 1800 -1
2078 2128 0 0 75 360 10 0 0 -1
2083 2133 0 1 205 360 10 0 0 -1
2089 2139 0 2 335 120 10 1800 1800 -1
2094 2144 0 3 465 120 10 1800 1800 -1
2099 2149 0 2 335 120 10 1800 1800 -1
2105 2155 0 1 205 360 10 0 0 -1
2110 2160 0 2 335 120 10 1800 1800 -1
2115 2165 0 1 205 360 10 0 0 -1
2121 2171 0 0 75 360 10 0 0 -1
2126 2176 0 1 205 360 10 0 0 -1
2126 2176 0 2 335 120 10 1800 1800 -1
2126 2176 0 3 465 120 10 1800 1800 -1
2142 2192 0 3 465 120 10 1800 1800 -1
2147 2197 0 2 335 120 10 1800 1800 -1
2153 2203 0 1 205 360 10 0 0 -1
2158 2208 0 0 75 360 10 0 0 -1
2163 2213 0 1 205 360 10 0 0 -1
2169 2219 0 2 335 120 10 1800 1800 -1
2174 2224 0 1 205 360 10 0 0 -1
2179 2229 0 2 335 120 10 1800 1800 -1
2185 2235 0 3 465 120 10 1800 1800 -1
2190 2240 0 0 75 360 10 0 0 -1
2190 2240 0 1 205 360 10 0 0 -1
2190 2240 0 2 335 120 10 1800 1800 -1
2206 2256 0 3 465 120 10 1800 1800 -1
2211 2261 0 3 465 120 10 1800 1800 -1
2217 2267 0 0 75 360 10 0 0 -1
2222 2272 0 0 75 360 10 0 0 -1
2227 2277 0 1 205 360 10 0 0 -1
2233 2283 0 1 205 360 10 0 0 -1
2238 2288 0 2 335 120 10 1800 1800 -1
2243 2293 0 2 335 120 10 1800 1800 -1
2249 2299 0 3 465 120 10 1800 1800 -1
2254 2304 0 0 75 360 10 0 0 -1
2254 2304 0 1 205 360 10 0 0 -1
2254 2304 0 2 335 120 10 1800 1800 -1
2270 2320 0 0 75 360 10 0 0 -1
2275 2325 0 0 75 360 10 0 0 -1
2281 2331 0 3 465 120 10 1800 1800 -1
2286 2336 0 3 465 120 10 1800 1800 -1
2291 2341 0 2 335 120 10 1800 1800 -1
2297 2347 0 2 335 120 10 1800 1800 -1
2302 2352 0 1 205 360 10 0 0 -1
2307 2357 0 1 205 360 10 0 0 -1
2313 2363 0 0 75 360 10 0 0 -1
2318 2368 0 1 205 360 10 0 0 -1
2318 2368 0 2 335 120 10 1800 1800 -1
2318 2368 0 3 465 120 10 1800 1800 -1
2334 2384 0 0 75 360 10 0 0 -1
2350 2400 0 2 335 120 10 1800 1800 -1
2350 2400 0 3 465 120 10 1800 1800 -1
2366 2416 0 1 205 360 10 0 0 -1
2382 2432 0 2 335 120 10 1800 1800 -1
2382 2432 0 3 465 120 10 1800 1800 -1
2398 2448 0 1 205 360 10 0 0 -1
2414 2464 0 0 75 360 10 0 0 -1
2414 2464 0 1 205 360 10 0 0 -1
2430 2480 0 2 335 120 10 1800 1800 -1
2446 2496 0 0 75 360 10 0 0 -1
2446 2496 0 1 205 360 10 0 0 -1
2454 2504 0 3 465 120 10 1800 1800 -1
2458 2508 0 2 335 120 10 1800 1800 -1
2462 2512 0 0 75 360 10 0 0 -1
2462 2512 0 1 205 360 10 0 0 -1
2470 2520 0 0 75 360 10 0 0 -1
2474 2524 0 1 205 360 10 0 0 -1
2478 2528 0 2 335 120 10 1800 1800 -1
2478 2528 0 3 465 120 10 1800 1800 -1
2486 2536 0 0 75 360 10 0 0 -1
2490 2540 0 1 205 360 10 0 0 -1
2494 2544 0 2 335 120 10 1800 1800 -1
2494 2544 0 3 465 120 10 1800 1800 -1
2502 2552 0 0 75 360 10 0 0 -1
2506 2556 0 1 205 360 10 0 0 -1
2510 2560 0 0 75 360 10 0 0 -1
2514 2564 0 3 465 120 10 1800 1800 -1
2518 2568 0 0 75 360 10 0 0 -1
2522 2572 0 3 465 120 10 1800 1800 -1
2526 2576 0 1 205 360 10 0 0 -1
2530 2580 0 2 335 120 10 1800 1800 -1
2534 2584 0 1 205 360 10 0 0 -1
2538 2588 0 2 335 120 10 1800 1800 -1
2542 2592 0 0 75 360 10 0 0 -1
2546 2596 0 3 465 120 10 1800 1800 -1
2550 2600 0 0 75 360 10 0 0 -1
2554 2604 0 3 465 120 10 1800 1800 -1
2558 2608 0 1 205 360 10 0 0 -1
2562 2612 0 2 335 120 10 1800 1800 -1
2566 2616 0 1 205 360 10 0 0 -1
2570 2620 0 2 335 120 10 1800 1800 -1
2574 2624 0 0 75 360 10 0 0 -1
2574 2624 0 1 205 360 10 0 0 -1
2574 2624 -1 2 335 120 10 1800 1800 -1
2574 2624 0 3 465 120 10 1800 1800 -1
2606 2656 0 1 181 245 5 0 103 -1
2638 2688 0 3 427 231 5 103 549 -1
2670 2720 0 2 299 216 5 549 2053 -1
2702 2752 0 3 442 223 5 2053 1428 -1
2718 2768 0 1 178 263 5 1428 2581 -1
2726 2776 0 2 310 228 5 2581 2265 -1
2742 2792 0 0 49 228 5 2265 936 -1
2750 2800 0 1 170 234 5 936 915 -1
2758 2808 0 2 309 244 5 915 2101 -1
2766 2816 0 0 52 260 5 2101 105 -1
2766 2816 0 2 299 216 5 105 3498 -1
2798 2848 0 0 43 238 5 3498 2705 -1
2798 2848 0 2 297 217 5 2705 2366 -1
2822 2872 0 3 441 252 5 2366 38 -1
2830 2880 0 0 39 216 5 38 2097 -1
2830 2880 0 1 176 243 5 2097 1937 -1
2830 2880 0 2 313 242 5 1937 1197 -1
2862 2912 0 1 179 219 5 1197 3209 -1
2894 2944 0 3 436 260 5 3209 2175 -1
2902 2952 0 2 310 263 5 2175 142 -1
2910 2960 0 1 184 233 5 142 3212 -1
2918 2968 0 0 35 222 5 3212 1194 -1
2926 2976 0 2 303 260 5 1194 3168 -1
2942 2992 0 1 178 245 5 3168 2206 -1
2950 3000 0 0 37 257 5 2206 565 -1
2958 3008 0 1 167 217 5 565 1567 -1
2958 3008 0 3 426 260 5 1567 3112 -1
2982 3032 0 3 436 216 5 3112 1790 -1
2990 3040 0 0 46 253 5 1790 3057 -1
2990 3040 0 2 311 255 5 3057 2840 -1
3006 3056 0 0 54 250 5 2840 1006 -1
3011 3061 0 1 177 263 5 1006 1095 -1
3017 3067 0 2 314 219 5 1095 2423 -1
3022 3072 -1 0 44 225 5 2423 505 -1
3022 3072 0 1 171 238 5 505 2306 -1
3022 3072 -1 2 308 235 5 2306 1638 -1
3022 3072 0 3 439 235 5 1638 3044 -1
3054 3104 -1 0 120 385 5 900 900 -1
3054 3104 -1 1 220 285 5 2700 2700 -1
3054 3104 -1 2 320 85 5 900 900 -1
3054 3104 -1 3 420 185 5 1800 1800 -1
3086 3136 0 1 220 285 5 2700 2700 -1
3098 3148 0 1 220 285 5 0 0 -1
3110 3160 0 1 220 285 5 2700 2700 -1
3122 3172 0 1 220 285 5 2700 2700 -1
3134 3184 0 1 220 285 5 1800 1800 -1
3142 3192 0 1 220 285 5 1800 1800 -1
3150 3200 0 2 320 85 5 900 900 -1
3162 3212 0 2 320 85 5 2700 2700 -1
3174 3224 0 2 320 85 5 2700 2700 -1
3186 3236 0 2 320 85 5 1800 1800 -1
3198 3248 0 2 320 85 5 900 900 -1
3206 3256 0 2 320 85 5 1800 1800 -1
3214 3264 0 0 120 385 5 0 0 -1
3226 3276 0 0 120 385 5 900 900 -1
3238 3288 0 0 120 385 5 900 900 -1
3250 3300 0 0 120 385 5 900 900 -1
3262 3312 0 0 120 385 5 900 900 -1
3270 3320 0 0 120 385 5 2700 2700 -1
3278 3328 0 3 420 185 5 0 0 -1
3290 3340 0 3 420 185 5 1800 1800 -1
3302 3352 0 3 420 185 5 1800 1800 -1
3314 3364 0 3 420 185 5 900 900 -1
3326 3376 0 3 420 185 5 2700 2700 -1
3334 3384 0 3 420 185 5 2700 2700 -1
3342 3392 0 1 220 285 5 1800 1800 -1
3342 3392 0 2 320 85 5 900 900 -1
3354 3404 0 1 220 285 5 0 0 -1
3366 3416 0 1 220 285 5 0 0 -1
3374 3424 0 2 320 85 5 2700 2700 -1
3378 3428 0 1 220 285 5 2700 2700 -1
3390 3440 0 1 220 285 5 0 0 -1
3398 3448 0 1 220 285 5 0 0 -1
3406 3456 0 2 320 85 5 900 900 -1
3406 3456 0 1 220 285 5 1800 1800 -1
3414 3464 0 1 220 285 5 900 900 -1
3418 3468 0 2 320 85 5 1800 1800 -1
3422 3472 0 1 220 285 5 900 900 -1
3430 3480 0 1 220 285 5 900 900 -1
3430 3480 0 2 320 85 5 2700 2700 -1
3442 3488 0 1 220 285 5 900 900 -1
3442 3492 0 2 320 85 5 1800 1800 -1
3406 3504 0 1 220 285 5 2700 2700 -1
3406 3504 0 2 320 85 5 900 900 -1
3462 3512 0 1 220 285 5 0 0 -1
3462 3512 0 2 320 85 5 2700 2700 -1
3470 3520 0 0 120 385 5 900 900 -1
3470 3520 0 1 220 285 5 900 900 -1
3470 3520 0 2 320 85 5 2700 2700 -1
3470 3520 0 3 420 185 5 0 0 -1
3486 3536 0 3 420 185 5 1800 1800 -1
3490 3540 0 2 320 85 5 900 900 -1
3494 3544 0 1 220 285 5 1800 1800 -1
3498 3548 0 0 120 385 5 900 900 -1
3502 3552 0 1 220 285 5 2700 2700 -1
3502 3552 0 2 320 85 5 900 900 -1
3502 3552 0 3 420 185 5 0 0 -1
3518 3568 0 0 120 385 5 900 900 -1
3522 3572 0 1 220 285 5 0 0 -1
3526 3576 0 2 320 85 5 1800 1800 -1
3530 3580 0 3 420 185 5 2700 2700 -1
3534 3584 0 0 120 385 5 900 900 -1
3534 3584 0 1 220 285 5 1800 1800 -1
3534 3584 0 2 320 85 5 900 900 -1
3550 3600 0 1 220 285 5 1800 1800 -1
3555 3605 0 2 320 85 5 900 900 -1
3561 3611 0 1 220 285 5 900 900 -1
3566 3616 0 3 420 185 5 900 900 -1
3571 3621 0 0 120 385 5 2700 2700 -1
3577 3627 0 3 420 185 5 1800 1800 -1
3582 3632 0 1 220 285 5 1800 1800 -1
3587 3637 0 2 320 85 5 900 900 -1
3593 3643 0 1 205 360 10 0 0 -1
3594 3644 -1 1 205 360 10 0 0 -1
3598 3648 -1 0 75 360 10 0 0 -1
3598 3648 -1 2 335 360 10 0 0 -1
3598 3648 -1 3 465 360 10 0 0 -1
3598 3648 0 1 205 360 10 0 0 -1
3606 3656 0 0 75 360 10 0 0 -1
3610 3660 0 1 205 360 10 0 0 -1
3614 3664 0 2 335 360 10 0 0 -1
3618 3668 0 1 205 360 10 0 0 -1
3622 3672 0 2 335 360 10 0 0 -1
3626 3676 0 1 205 360 10 0 0 -1
3630 3680 0 3 465 360 10 0 0 -1
3638 3688 0 3 465 360 10 0 0 -1
3642 3692 0 1 205 360 10 0 0 -1
3646 3696 0 3 465 360 10 0 0 -1
3650 3700 0 0 75 360 10 0 0 -1
3654 3704 0 3 465 360 10 0 0 -1
3658 3708 0 1 205 360 10 0 0 -1
3662 3712 0 2 335 360 10 0 0 -1
3670 3720 0 1 205 360 10 0 0 -1
3674 3724 0 2 335 360 10 0 0 -1
3678 3728 0 3 465 360 10 0 0 -1
3682 3732 0 0 75 360 10 0 0 -1
3686 3736 0 1 205 360 10 0 0 -1
3690 3740 0 2 335 360 10 0 0 -1
3694 3744 0 3 465 360 10 0 0 -1
3699 3749 0 2 335 360 10 0 0 -1
3705 3755 0 1 205 360 10 0 0 -1
3710 3760 0 2 335 360 10 0 0 -1
3714 3764 0 0 75 360 10 0 0 -1
3718 3768 0 2 335 360 10 0 0 -1
3722 3772 0 0 75 360 10 0 0 -1
3726 3776 0 2 335 360 10 0 0 -1
3734 3784 0 0 75 360 10 0 0 -1
3738 3788 0 1 205 360 10 0 0 -1
3742 3792 0 3 465 360 10 0 0 -1
3750 3800 0 0 75 360 10 0 0 -1
3754 3804 0 1 205 360 10 0 0 -1
3762 3812 0 0 75 360 10 0 0 -1
3766 3816 0 1 205 360 10 0 0 -1
3774 3824 0 2 335 360 10 0 0 -1
3778 3828 0 0 75 360 10 0 0 -1
3782 3832 0 2 335 360 10 0 0 -1
3786 3836 0 0 75 360 10 0 0 -1
3790 3840 0 3 465 360 10 0 0 -1
3798 3848 0 2 335 360 10 0 0 -1
3802 3852 0 1 205 360 10 0 0 -1
3806 3856 0 3 465 360 10 0 0 -1
3810 3860 0 0 75 360 10 0 0 -1
3814 3864 0 3 465 360 10 0 0 -1
3818 3868 0 0 75 360 10 0 0 -1
3822 3872 0 3 465 360 10 0 0 -1
3830 3880 0 0 75 360 10 0 0 -1
3834 3884 0 1 205 360 10 0 0 -1
3842 3892 0 0 75 360 10 0 0 -1
3846 3896 0 1 205 360 10 0 0 -1
3850 3900 0 2 335 360 10 0 0 -1
3854 3904 0 1 205 360 10 0 0 -1
3862 3912 0 0 75 360 10 0 0 -1
3866 3916 0 1 205 360 10 0 0 -1
3870 3920 0 2 335 360 10 0 0 -1
3874 3924 0 1 205 360 10 0 0 -1
3878 3928 0 2 335 360 10 0 0 -1
3882 3932 0 1 205 360 10 0 0 -1
3886 3936 0 3 465 360 10 0 0 -1
3894 3944 0 3 465 360 10 0 0 -1
3898 3948 0 1 205 360 10 0 0 -1
3902 3952 0 3 465 360 10 0 0 -1
3906 3956 0 0 75 360 10 0 0 -1
3910 3960 0 3 465 360 10 0 0 -1
3914 3964 0 2 335 360 10 0 0 -1
3918 3968 0 0 75 360 10 0 0 -1
3918 3968 0 1 205 360 10 0 0 -1
3918 3968 0 3 465 360 10 0 0 -1
3926 3976 0 1 205 360 10 0 0 -1
3926 3976 0 2 335 360 10 0 0 -1
3926 3976 0 3 465 360 10 0 0 -1
3934 3984 0 0 75 360 10 0 0 -1
3934 3984 0 1 205 360 10 0 0 -1
3934 3984 0 2 335 360 10 0 0 -1
3942 3992 0 0 75 360 10 0 0 -1
3942 3992 0 2 335 360 10 0 0 -1
3942 3992 0 3 465 360 10 0 0 -1
3950 4000 0 0 75 360 10 0 0 -1
3950 4000 0 3 465 360 10 0 0 -1
3966 4016 0 3 465 360 10 0 0 -1
3970 4020 0 0 75 360 10 0 0 -1
3974 4024 0 3 465 360 10 0 0 -1
3978 4028 0 1 205 360 10 0 0 -1
3982 4032 0 2 335 360 10 0 0 -1
3990 4040 0 0 75 360 10 0 0 -1
3994 4044 0 3 465 360 10 0 0 -1
3998 4048 0 0 75 360 10 0 0 -1
4002 4052 0 3 465 360 10 0 0 -1
4006 4056 0 1 205 360 10 0 0 -1
4014 4064 0 2 335 360 10 0 0 -1
4022 4072 0 0 75 360 10 0 0 -1
4026 4076 0 3 465 360 10 0 0 -1
4030 4080 0 0 75 360 10 0 0 -1
4035 4085 0 1 205 360 10 0 0 -1
4041 4091 0 2 335 360 10 0 0 -1
4046 4096 0 3 465 360 10 0 0 -1
4062 4112 0 0 75 360 10 0 0 -1
4062 4112 0 2 335 360 10 0 0 -1
4067 4117 0 1 205 360 10 0 0 -1
4067 4117 0 3 465 360 10 0 0 -1
4073 4123 0 0 75 360 10 0 0 -1
4078 4128 0 2 335 360 10 0 0 -1
4078 4128 0 3 465 360 10 0 0 -1
4083 4133 0 0 75 360 10 0 0 -1
4083 4133 0 1 205 360 10 0 0 -1
4089 4139 0 2 335 360 10 0 0 -1
4094 4144 0 0 75 360 10 0 0 -1
4094 4144 0 3 465 360 10 0 0 -1
4099 4149 0 1 205 360 10 0 0 -1
4099 4149 0 2 335 360 10 0 0 -1
4105 4155 0 0 75 360 10 0 0 -1
4110 4160 0 1 205 360 10 0 0 -1
4110 4160 0 2 335 360 10 0 0 -1
4110 4160 0 3 465 360 10 0 0 -1
4126 4176 0 2 335 360 10 0 0 -1
4130 4180 0 1 205 360 10 0 0 -1
4134 4184 0 2 335 360 10 0 0 -1
4138 4188 0 1 205 360 10 0 0 -1
4142 4192 0 3 465 360 10 0 0 -1
4150 4200 0 3 465 360 10 0 0 -1
4154 4204 0 1 205 360 10 0 0 -1
4158 4208 0 3 465 360 10 0 0 -1
4162 4212 0 0 75 360 10 0 0 -1
4166 4216 0 3 465 360 10 0 0 -1
4170 4220 0 1 205 360 10 0 0 -1
4174 4224 0 2 335 360 10 0 0 -1
4182 4232 0 1 205 360 10 0 0 -1
4186 4236 0 2 335 360 10 0 0 -1
4190 4240 0 3 465 360 10 0 0 -1
4194 4244 0 0 75 360 10 0 0 -1
4198 4248 0 1 205 360 10 0 0 -1
4202 4252 0 2 335 360 10 0 0 -1
4206 4256 0 3 465 360 10 0 0 -1
4211 4261 0 2 335 360 10 0 0 -1
4217 4267 0 1 205 360 10 0 0 -1
4222 4272 0 2 335 360 10 0 0 -1
4226 4276 0 0 75 360 10 0 0 -1
4230 4280 0 2 335 360 10 0 0 -1
4234 4284 0 0 75 360 10 0 0 -1
4238 4288 0 3 465 360 10 0 0 -1
4246 4296 0 2 335 360 10 0 0 -1
4250 4300 0 1 205 360 10 0 0 -1
4254 4304 0 3 465 360 10 0 0 -1
4258 4308 0 0 75 360 10 0 0 -1
4262 4312 0 3 465 360 10 0 0 -1
4266 4316 0 0 75 360 10 0 0 -1
4278 4328 0 0 75 360 10 0 0 -1
4278 4328 0 1 205 360 10 0 0 -1
4286 4336 0 2 335 360 10 0 0 -1
4286 4336 0 3 465 360 10 0 0 -1
4294 4344 0 0 75 360 10 0 0 -1
4294 4344 0 3 465 360 10 0 0 -1
4302 4352 0 0 75 360 10 0 0 -1
4310 4360 0 2 335 360 10 0 0 -1
4314 4364 0 1 205 360 10 0 0 -1
4318 4368 0 3 465 360 10 0 0 -1
4322 4372 0 0 75 360 10 0 0 -1
4326 4376 0 3 465 360 10 0 0 -1
4330 4380 0 0 75 360 10 0 0 -1
4334 4384 0 3 465 360 10 0 0 -1
4342 4392 0 0 75 360 10 0 0 -1
4346 4396 0 1 205 360 10 0 0 -1
4354 4404 0 0 75 360 10 0 0 -1
4358 4408 0 1 205 360 10 0 0 -1
4362 4412 0 2 335 360 10 0 0 -1
4366 4416 0 1 205 360 10 0 0 -1
4374 4424 0 0 75 360 10 0 0 -1
4378 4428 0 1 205 360 10 0 0 -1
4382 4432 0 2 335 360 10 0 0 -1
4386 4436 0 1 205 360 10 0 0 -1
4390 4440 0 2 335 360 10 0 0 -1
4394 4444 0 1 205 360 10 0 0 -1
4398 4448 0 3 465 360 10 0 0 -1
4406 4456 0 3 465 360 10 0 0 -1
4410 4460 0 1 205 360 10 0 0 -1
4414 4464 0 3 465 360 10 0 0 -1
4418 4468 0 0 75 360 10 0 0 -1
4422 4472 0 3 465 360 10 0 0 -1
4426 4476 0 2 335 360 10 0 0 -1
4430 4480 0 0 75 360 10 0 0 -1
4430 4480 0 1 205 360 10 0 0 -1
4430 4480 0 3 465 360 10 0 0 -1
4438 4488 0 1 205 360 10 0 0 -1
4438 4488 0 2 335 360 10 0 0 -1
4438 4488 0 3 465 360 10 0 0 -1
4446 4496 0 0 75 360 10 0 0 -1
4446 4496 0 1 205 360 10 0 0 -1
4446 4496 0 2 335 360 10 0 0 -1
4454 4504 0 0 75 360 10 0 0 -1
4454 4504 0 2 335 360 10 0 0 -1
4454 4504 0 3 465 360 10 0 0 -1
4462 4512 0 0 75 360 10 0 0 -1
4462 4512 0 3 465 360 10 0 0 -1
4478 4528 0 3 465 360 10 0 0 -1
4482 4532 0 0 75 360 10 0 0 -1
4486 4536 0 3 465 360 10 0 0 -1
4490 4540 0 1 205 360 10 0 0 -1
4494 4544 0 2 335 360 10 0 0 -1
4502 4552 0 0 75 360 10 0 0 -1
4506 4556 0 3 465 360 10 0 0 -1
4510 4560 0 0 75 360 10 0 0 -1
4514 4564 0 3 465 360 10 0 0 -1
4518 4568 0 1 205 360 10 0 0 -1
4526 4576 0 2 335 360 10 0 0 -1
4534 4584 0 0 75 360 10 0 0 -1
4538 4588 0 3 465 360 10 0 0 -1
4542 4592 0 0 75 360 10 0 0 -1
4547 4597 0 1 205 360 10 0 0 -1
4553 4603 0 2 335 360 10 0 0 -1
4558 4608 0 0 75 360 10 0 0 -1
4562 4612 0 1 205 360 10 0 0 -1
4566 4616 0 2 335 360 10 0 0 -1
4570 4620 0 3 465 360 10 0 0 -1
4574 4624 0 0 75 360 10 0 0 -1
4578 4628 0 1 205 360 10 0 0 -1
4582 4632 0 2 335 360 10 0 0 -1
4586 4636 0 3 465 360 10 0 0 -1
4590 4640 0 1 205 360 10 0 0 -1
4594 4644 0 2 335 360 10 0 0 -1
4598 4648 0 0 75 360 10 0 0 -1
4602 4652 0 3 465 360 10 0 0 -1
4606 4656 0 1 205 360 10 0 0 -1
4610 4660 0 2 335 360 10 0 0 -1
4614 4664 0 0 75 360 10 0 0 -1
4618 4668 0 3 465 360 10 0 0 -1
4622 4672 0 1 205 360 10 0 0 -1
4626 4676 0 0 75 360 10 0 0 -1
4630 4680 0 2 335 360 10 0 0 -1
4634 4684 0 3 465 360 10 0 0 -1
4638 4688 0 1 205 360 10 0 0 -1
4642 4692 0 0 75 360 10 0 0 -1
4646 4696 0 2 335 360 10 0 0 -1
4650 4700 0 3 465 360 10 0 0 -1
4654 4704 0 0 75 360 10 0 0 -1
4658 4708 0 3 465 360 10 0 0 -1
4662 4712 0 2 335 360 10 0 0 -1
4666 4716 0 1 205 360 10 0 0 -1
4670 4720 0 0 75 360 10 0 0 -1
4674 4724 0 3 465 360 10 0 0 -1
4678 4728 0 2 335 360 10 0 0 -1
4682 4732 0 1 205 360 10 0 0 -1
4686 4736 0 0 75 360 10 0 0 -1
4686 4736 0 2 335 360 10 0 0 -1
4686 4736 0 3 465 360 10 0 0 -1
4878 4928 0 2 335 360 10 0 0 -1
4883 4933 0 2 335 360 10 0 0 -1
4889 4939 0 2 335 360 10 0 0 -1
4894 4944 0 1 205 360 10 0 0 -1
4926 4976 0 3 465 360 10 0 0 -1
4958 5008 0 2 335 360 10 0 0 -1
4958 5008 0 0 75 360 10 0 0 -1
4990 5040 0 3 465 360 10 0 0 -1
5006 5056 0 2 335 360 10 0 0 -1
5014 5064 0 1 205 360 10 0 0 -1
5022 5072 0 0 75 360 10 0 0 -1
5022 5072 0 2 335 360 10 0 0 -1
5046 5096 0 1 205 360 10 0 0 -1
5050 5100 0 3 465 360 10 0 0 -1
5054 5104 0 0 75 360 10 0 0 -1
5054 5104 0 2 335 360 10 0 0 -1
5078 5128 0 0 75 360 10 0 0 -1
5082 5132 0 2 335 360 10 0 0 -1
5086 5136 0 1 205 360 10 0 0 -1
5086 5136 0 3 465 360 10 0 0 -1
5118 5168 0 0 75 360 10 0 0 -1
5150 5200 0 1 205 360 10 0 0 -1
5182 5232 0 3 465 360 10 0 0 -1
5190 5240 0 2 335 360 10 0 0 -1
5198 5248 0 1 205 360 10 0 0 -1
5206 5256 0 0 75 360 10 0 0 -1
5214 5264 0 2 335 360 10 0 0 -1
5246 5296 0 1 205 360 10 0 0 -1
5246 5296 0 3 465 360 10 0 0 -1
5278 5328 0 0 75 360 10 0 0 -1
5278 5328 0 2 335 360 10 0 0 -1
5310 5360 0 1 205 360 10 0 0 -1
5310 5360 0 3 465 360 10 0 0 -1
5374 5424 0 0 75 360 10 0 0 -1
5374 5424 0 1 205 360 10 0 0 -1
5374 5424 0 2 335 360 10 0 0 -1
5374 5424 0 3 465 360 10 0 0 -1
